<!DOCTYPE html>
<html>
<head>
<meta charset="utf-8"/>
<script src="lib/htmlwidgets-1.3/htmlwidgets.js"></script>
<script src="lib/d3-3.5.15/d3.min.js"></script>
<script src="lib/d3-tip-0.6.7/index.js"></script>
<link href="lib/chorddiag-0.0.0.9000/chorddiag.css" rel="stylesheet" />
<script src="lib/chorddiag-0.0.0.9000/chorddiag.js"></script>
<script src="lib/chorddiag-binding-0.1.2/chorddiag.js"></script>

</head>
<body style="background-color:white;">
<html>
  <body>
    <div>
      <h3>Chord Diagramm with positive and statistical significant correlations</h3>
      <h3>
        <div id="htmlwidget-f57a945077a9a985b24c" style="width:960px;height:500px;" class="chorddiag html-widget"></div>
        <script type="application/json" data-for="htmlwidget-f57a945077a9a985b24c">{"x":{"matrix":[[0,0,0,0,0,0,0,57.7715001118787,0,0,83.3484025831343,83.0361440491854,55.5789377530091,83.2308779285227,83.2156885729258,54.5408384103037,55.1474526446868,76.3730043769337,75.5511235931534,78.9281605563098,0,78.9281605563098,0],[0,0,77.7191992154201,54.2090672722259,61.5685452329136,0,0,0,99.4922930108523,0,0,0,0,0,0,0,0,0,0,0,0,0,0],[0,77.7191992154201,0,0,0,0,0,0,77.2124729627422,0,0,0,0,0,0,0,0,0,0,0,0,0,0],[0,54.2090672722259,0,0,0,0,0,0,54.006394270066,0,0,0,0,0,0,0,0,0,0,0,0,0,0],[0,61.5685452329136,47.9901606187751,37.8494668159308,0,0,0,0,59.1676270019689,0,0,0,0,0,0,0,0,0,0,0,0,0,0],[47.6680153821556,0,0,0,0,0,0,0,0,0,0,0,0,0,0,0,0,0,0,0,0,0,0],[35.7672443154931,0,0,0,0,0,0,55.3299972820386,0,0,0,0,66.5253380407617,0,0,65.9387666978799,66.4448293386551,60.9189079493511,61.4509017850064,60.3804112031335,0,60.3804112031335,63.7453947471781],[57.7715001118787,0,0,0,0,0,55.3299972820386,0,0,0,61.4839942938708,62.139491740537,72.4344729033142,61.490070831807,62.6162620203314,72.1525272929247,72.297749806669,73.7699128362868,74.0535908219499,72.5846095276366,0,72.5846095276366,68.9256483952066],[0,99.4922930108523,77.2124729627422,54.006394270066,59.1676270019689,0,0,0,0,49.4451509572652,0,0,0,0,0,0,0,0,0,0,0,0,0],[0,49.1486804624443,42.8499444997813,0,0,0,0,0,49.4451509572652,0,0,0,0,0,0,0,0,0,0,0,56.8333661051137,0,0],[83.3484025831343,0,0,0,0,40.7168731648074,46.6801239388224,61.4839942938708,0,0,0,99.9837757208753,65.8653140042705,99.9996971313664,99.9612828492948,64.6931904896896,65.4794142180315,90.4155863253936,89.4552454972133,92.8227690718753,0,92.8227690718753,52.6892179811549],[83.0361440491854,0,0,0,0,40.2479151710695,47.526767546595,62.139491740537,0,0,99.9837757208753,0,67.1303006352266,99.9858568615546,99.9937351284222,65.9837567329669,66.7507709778322,91.092694571528,90.1685772530503,93.4097551596096,0,93.4097551596096,54.1292924870654],[55.5789377530091,0,0,0,0,0,66.5253380407617,72.4344729033142,0,0,65.8653140042705,67.1303006352266,0,65.9114982252229,67.9141636270278,99.7311628345674,99.9724910572846,89.7944295874528,90.7178638267715,88.6306316575813,76.6526606114387,88.6306316575813,97.5490095561921],[83.2308779285227,0,0,0,0,40.6494293744781,46.7397389895974,61.490070831807,0,0,99.9996971313664,99.9858568615546,65.9114982252229,0,99.9633365550454,64.7407686217855,65.5261246269337,90.434388151635,89.4756893058553,92.8360140352227,0,92.8360140352227,52.7446192895254],[83.2156885729258,0,0,0,0,40.1222555221541,47.9955643174694,62.6162620203314,0,0,99.9612828492948,99.9937351284222,67.9141636270278,99.9633365550454,0,66.7803790555422,67.5374486558403,91.5098708269833,90.6078950631874,93.7836658369818,0,93.7836658369818,55.0121816748649],[54.5408384103037,0,0,0,0,0,65.9387666978799,72.1525272929247,0,0,64.6931904896896,65.9837567329669,99.7311628345674,64.7407686217855,66.7803790555422,0,99.7218883445079,89.821262481381,90.7845762601291,87.8121095538922,79.1263501579669,87.8121095538922,98.5101213462257],[55.1474526446868,0,0,0,0,0,66.4448293386551,72.297749806669,0,0,65.4794142180315,66.7507709778322,99.9724910572846,65.5261246269337,67.5374486558403,99.7218883445079,0,89.5054921722016,90.4389049040136,88.4212834580365,76.7421152725968,88.4212834580365,97.5542086057317],[76.3730043769337,0,0,0,0,0,60.9189079493511,73.7699128362868,0,0,90.4155863253936,91.092694571528,89.7944295874528,90.434388151635,91.5098708269833,89.821262481381,89.5054921722016,0,99.9734771380825,98.8027563277278,49.952945360341,98.8027563277278,83.1873227882105],[75.5511235931534,0,0,0,0,0,61.4509017850064,74.0535908219499,0,0,89.4552454972133,90.1685772530503,90.7178638267715,89.4756893058553,90.6078950631874,90.7845762601291,90.4389049040136,99.9734771380825,0,98.6524777357593,51.882085880368,98.6524777357593,84.4421030321597],[78.9281605563098,0,0,0,0,0,60.3804112031335,72.5846095276366,0,0,92.8227690718753,93.4097551596096,88.6306316575813,92.8360140352227,93.7836658369818,87.8121095538922,88.4212834580365,98.8027563277278,98.6524777357593,0,0,0,79.2844529842811],[0,0,0,0,0,0,48.3427845459685,47.7933463474631,0,56.8333661051137,0,0,76.6526606114387,0,0,79.1263501579669,76.7421152725968,49.952945360341,51.882085880368,42.0737845452431,0,0,88.3057218806945],[78.9281605563098,0,0,0,0,0,60.3804112031335,72.5846095276366,0,0,92.8227690718753,93.4097551596096,88.6306316575813,92.8360140352227,93.7836658369818,87.8121095538922,88.4212834580365,98.8027563277278,98.6524777357593,0,42.0737845452431,0,79.2844529842811],[44.192378324657,0,0,0,0,0,63.7453947471781,68.9256483952066,0,40.2723752929676,52.6892179811549,54.1292924870654,97.5490095561921,52.7446192895254,55.0121816748649,98.5101213462257,97.5542086057317,83.1873227882105,84.4421030321597,79.2844529842811,88.3057218806945,79.2844529842811,0]],"options":{"type":"directional","width":null,"height":null,"margin":30,"showGroupnames":true,"groupNames":["m_1","m_2","m_3","m_4","m_5","m_6","m_7","m_8","m_9","m_10","m_11","m_12","m_13","m_14","m_15","m_16","m_17","m_18","m_19","m_20","m_21","m_22","m_23"],"groupColors":["#1B9E77","#D95F02","#7570B3","#E7298A","#66A61E","#E6AB02","#A6761D","#666666"],"groupThickness":0.1,"groupPadding":0.0349065850398866,"groupnamePadding":[3,3,3,3,3,3,3,3,3,3,3,3,3,3,3,3,3,3,3,3,3,3,3],"groupnameFontsize":10,"groupedgeColor":null,"chordedgeColor":"#808080","categoryNames":null,"categorynamePadding":100,"categorynameFontsize":28,"showTicks":false,"tickInterval":1,"ticklabelFontsize":10,"fadeLevel":0.1,"showTooltips":true,"showZeroTooltips":false,"tooltipNames":["m_1","m_2","m_3","m_4","m_5","m_6","m_7","m_8","m_9","m_10","m_11","m_12","m_13","m_14","m_15","m_16","m_17","m_18","m_19","m_20","m_21","m_22","m_23"],"tooltipFontsize":12,"tooltipUnit":"","tooltipGroupConnector":" &#x25B6; ","precision":"null","clickAction":null,"clickGroupAction":null}},"evals":[],"jsHooks":[]}</script>
      </h3>
    </div>
    <div>
      <h3>Chord Diagramm with negative and statistical significant correlation</h3>
      <h3>
        <div id="htmlwidget-7ff47ac6fadbac3438de" style="width:960px;height:500px;" class="chorddiag html-widget"></div>
        <script type="application/json" data-for="htmlwidget-7ff47ac6fadbac3438de">{"x":{"matrix":[[0,0,0,0,0,0,0,0,0,0,0,0,0,0,0,0,0,0,0,0,0,0,0],[0,0,0,0,0,0,0,0,0,0,0,0,0,0,0,0,0,0,0,0,0,0,0],[0,0,0,0,0,0,0,0,0,0,0,0,0,0,0,0,0,0,0,0,0,0,0],[0,0,0,0,0,0,0,0,0,0,0,0,0,0,0,0,0,0,0,0,0,0,0],[0,0,0,0,0,0,0,0,0,0,0,0,0,0,0,0,0,0,0,0,0,0,0],[0,0,0,0,0,0,0,0,0,0,0,0,0,0,0,0,0,0,0,0,0,0,0],[0,0,0,0,0,0,0,0,0,0,0,0,0,0,0,0,0,0,0,0,0,0,0],[0,0,0,0,0,0,0,0,0,0,0,0,0,0,0,0,0,0,0,0,0,0,0],[0,0,0,0,0,0,0,0,0,0,0,0,0,0,0,0,0,0,0,0,0,0,0],[0,0,0,0,0,0,0,0,0,0,0,0,0,0,0,0,0,0,0,0,0,0,0],[0,0,0,0,0,0,0,0,0,0,0,0,0,0,0,0,0,0,0,0,0,0,0],[0,0,0,0,0,0,0,0,0,0,0,0,0,0,0,0,0,0,0,0,0,0,0],[0,0,0,0,0,0,0,0,0,0,0,0,0,0,0,0,0,0,0,0,0,0,0],[0,0,0,0,0,0,0,0,0,0,0,0,0,0,0,0,0,0,0,0,0,0,0],[0,0,0,0,0,0,0,0,0,0,0,0,0,0,0,0,0,0,0,0,0,0,0],[0,0,0,0,0,0,0,0,0,0,0,0,0,0,0,0,0,0,0,0,0,0,0],[0,0,0,0,0,0,0,0,0,0,0,0,0,0,0,0,0,0,0,0,0,0,0],[0,0,0,0,0,0,0,0,0,0,0,0,0,0,0,0,0,0,0,0,0,0,0],[0,0,0,0,0,0,0,0,0,0,0,0,0,0,0,0,0,0,0,0,0,0,0],[0,0,0,0,0,0,0,0,0,0,0,0,0,0,0,0,0,0,0,0,0,0,0],[0,0,0,0,0,0,0,0,0,0,0,0,0,0,0,0,0,0,0,0,0,0,0],[0,0,0,0,0,0,0,0,0,0,0,0,0,0,0,0,0,0,0,0,0,0,0],[0,0,0,0,0,0,0,0,0,0,0,0,0,0,0,0,0,0,0,0,0,0,0]],"options":{"type":"directional","width":null,"height":null,"margin":30,"showGroupnames":true,"groupNames":["m_1","m_2","m_3","m_4","m_5","m_6","m_7","m_8","m_9","m_10","m_11","m_12","m_13","m_14","m_15","m_16","m_17","m_18","m_19","m_20","m_21","m_22","m_23"],"groupColors":["#1B9E77","#D95F02","#7570B3","#E7298A","#66A61E","#E6AB02","#A6761D","#666666"],"groupThickness":0.1,"groupPadding":0.0349065850398866,"groupnamePadding":[3,3,3,3,3,3,3,3,3,3,3,3,3,3,3,3,3,3,3,3,3,3,3],"groupnameFontsize":10,"groupedgeColor":null,"chordedgeColor":"#808080","categoryNames":null,"categorynamePadding":100,"categorynameFontsize":28,"showTicks":false,"tickInterval":0,"ticklabelFontsize":10,"fadeLevel":0.1,"showTooltips":true,"showZeroTooltips":false,"tooltipNames":["m_1","m_2","m_3","m_4","m_5","m_6","m_7","m_8","m_9","m_10","m_11","m_12","m_13","m_14","m_15","m_16","m_17","m_18","m_19","m_20","m_21","m_22","m_23"],"tooltipFontsize":12,"tooltipUnit":" %","tooltipGroupConnector":" &#x25B6; ","precision":4,"clickAction":"\n//alert( JSON.stringify(d));  \nvar source_index = d.source.index; \nalert(source_index);\nvar target_index = d.target.index; \nalert(target_index);\nvar chord_url = new URL(document.location);\nvar chord_url_string = chord_url.toString();\nanalytics_session_id = chord_url_string.split('tmp/').pop().split('/files/')[0];\nalert(analytics_session_id);\nvar http = new XMLHttpRequest();\nvar url = 'http://212.101.173.35/ocpu/library/Physiognomica/R/linear_regression_from_chord ';\nvar params = 'source_index='+source_index+'&target_index='+target_index+'&metrics_appendix='+analytics_session_id;\nhttp.open('POST', url, true);\n\n//Send the proper header information along with the request\nhttp.setRequestHeader('Content-type', 'application/x-www-form-urlencoded');\n\nhttp.onreadystatechange = function() {//Call a function when the state changes.\n  if(http.readyState == 4 && http.status == 200) {\n      alert(http.responseText);\n  }\n}\nhttp.send(params);","clickGroupAction":null}},"evals":[],"jsHooks":[]}</script>
      </h3>
    </div>
    
<table style="border-collapse:collapse;" class=table_7701 border=1>
<thead>
<tr>
  <th id="tableHTML_header_1"> </th>
  <th id="tableHTML_header_2">metric_number</th>
  <th id="tableHTML_header_3">metric_name</th>
</tr>
</thead>
<tbody>
<tr>
  <td id="tableHTML_rownames">1</td>
  <td id="tableHTML_column_1">m_1</td>
  <td id="tableHTML_column_2">mosquitto_SYS_broker_load_publish_dropped_1min</td>
</tr>
<tr>
  <td id="tableHTML_rownames">2</td>
  <td id="tableHTML_column_1">m_2</td>
  <td id="tableHTML_column_2">sum(rate(container_cpu_usage_seconds_total{name=~'mn.vnf0.*'}[4s]))by(name)</td>
</tr>
<tr>
  <td id="tableHTML_rownames">3</td>
  <td id="tableHTML_column_1">m_3</td>
  <td id="tableHTML_column_2">sum(rate(container_cpu_system_seconds_total{name=~'mn.vnf0.*'}[4s]))by(name)</td>
</tr>
<tr>
  <td id="tableHTML_rownames">4</td>
  <td id="tableHTML_column_1">m_4</td>
  <td id="tableHTML_column_2">sum(rate(container_cpu_user_seconds_total{name=~'mn.vnf0.*'}[4s]))by(name)</td>
</tr>
<tr>
  <td id="tableHTML_rownames">5</td>
  <td id="tableHTML_column_1">m_5</td>
  <td id="tableHTML_column_2">sum(rate(container_cpu_cfs_periods_total{name=~'mn.vnf0.*'}[4s]))by(name)</td>
</tr>
<tr>
  <td id="tableHTML_rownames">6</td>
  <td id="tableHTML_column_1">m_6</td>
  <td id="tableHTML_column_2">sum(rate(container_cpu_cfs_throttled_seconds_total{name=~'mn.vnf0.*'}[4s]))by(name)</td>
</tr>
<tr>
  <td id="tableHTML_rownames">7</td>
  <td id="tableHTML_column_1">m_7</td>
  <td id="tableHTML_column_2">sum(container_memory_usage_bytes{name=~'mn.vnf0.*'})by(name)</td>
</tr>
<tr>
  <td id="tableHTML_rownames">8</td>
  <td id="tableHTML_column_1">m_8</td>
  <td id="tableHTML_column_2">sum(container_memory_max_usage_bytes{name=~'mn.vnf0.*'})by(name)</td>
</tr>
<tr>
  <td id="tableHTML_rownames">9</td>
  <td id="tableHTML_column_1">m_9</td>
  <td id="tableHTML_column_2">sum(rate(container_memory_failures_total{name=~'mn.vnf0.*'}[4s]))by(name)</td>
</tr>
<tr>
  <td id="tableHTML_rownames">10</td>
  <td id="tableHTML_column_1">m_10</td>
  <td id="tableHTML_column_2">sum(rate(container_memory_cache{name=~'mn.vnf0.*'}[4s]))by(name)</td>
</tr>
<tr>
  <td id="tableHTML_rownames">11</td>
  <td id="tableHTML_column_1">m_11</td>
  <td id="tableHTML_column_2">mosquitto_SYS_broker_load_bytes_received_1min</td>
</tr>
<tr>
  <td id="tableHTML_rownames">12</td>
  <td id="tableHTML_column_1">m_12</td>
  <td id="tableHTML_column_2">mosquitto_SYS_broker_load_bytes_sent_1min</td>
</tr>
<tr>
  <td id="tableHTML_rownames">13</td>
  <td id="tableHTML_column_1">m_13</td>
  <td id="tableHTML_column_2">mosquitto_SYS_broker_load_connections_1min</td>
</tr>
<tr>
  <td id="tableHTML_rownames">14</td>
  <td id="tableHTML_column_1">m_14</td>
  <td id="tableHTML_column_2">mosquitto_SYS_broker_load_messages_received_1min</td>
</tr>
<tr>
  <td id="tableHTML_rownames">15</td>
  <td id="tableHTML_column_1">m_15</td>
  <td id="tableHTML_column_2">mosquitto_SYS_broker_load_messages_sent_1min</td>
</tr>
<tr>
  <td id="tableHTML_rownames">16</td>
  <td id="tableHTML_column_1">m_16</td>
  <td id="tableHTML_column_2">mosquitto_SYS_broker_load_publish_sent_1min</td>
</tr>
<tr>
  <td id="tableHTML_rownames">17</td>
  <td id="tableHTML_column_1">m_17</td>
  <td id="tableHTML_column_2">mosquitto_SYS_broker_load_sockets_1min</td>
</tr>
<tr>
  <td id="tableHTML_rownames">18</td>
  <td id="tableHTML_column_1">m_18</td>
  <td id="tableHTML_column_2">mosquitto_SYS_broker_messages_received</td>
</tr>
<tr>
  <td id="tableHTML_rownames">19</td>
  <td id="tableHTML_column_1">m_19</td>
  <td id="tableHTML_column_2">mosquitto_SYS_broker_messages_sent</td>
</tr>
<tr>
  <td id="tableHTML_rownames">20</td>
  <td id="tableHTML_column_1">m_20</td>
  <td id="tableHTML_column_2">mosquitto_SYS_broker_messages_stored</td>
</tr>
<tr>
  <td id="tableHTML_rownames">21</td>
  <td id="tableHTML_column_1">m_21</td>
  <td id="tableHTML_column_2">mosquitto_SYS_broker_store_messages_bytes</td>
</tr>
<tr>
  <td id="tableHTML_rownames">22</td>
  <td id="tableHTML_column_1">m_22</td>
  <td id="tableHTML_column_2">mosquitto_SYS_broker_store_messages_count</td>
</tr>
<tr>
  <td id="tableHTML_rownames">23</td>
  <td id="tableHTML_column_1">m_23</td>
  <td id="tableHTML_column_2">mosquitto_SYS_broker_uptime</td>
</tr>
</tbody>
</table>
  </body>
</html>
</body>
</html>
