[[0,0,0,0,0,0,0,57.7715,0,0,83.3484,83.0361,55.5789,83.2309,83.2157,54.5408,55.1475,76.373,75.5511,78.9282,0,78.9282,0],[0,0,77.7192,54.2091,61.5685,0,0,0,99.4923,0,0,0,0,0,0,0,0,0,0,0,0,0,0],[0,77.7192,0,0,0,0,0,0,77.2125,0,0,0,0,0,0,0,0,0,0,0,0,0,0],[0,54.2091,0,0,0,0,0,0,54.0064,0,0,0,0,0,0,0,0,0,0,0,0,0,0],[0,61.5685,47.9902,37.8495,0,0,0,0,59.1676,0,0,0,0,0,0,0,0,0,0,0,0,0,0],[47.668,0,0,0,0,0,0,0,0,0,0,0,0,0,0,0,0,0,0,0,0,0,0],[35.7672,0,0,0,0,0,0,55.33,0,0,0,0,66.5253,0,0,65.9388,66.4448,60.9189,61.4509,60.3804,0,60.3804,63.7454],[57.7715,0,0,0,0,0,55.33,0,0,0,61.484,62.1395,72.4345,61.4901,62.6163,72.1525,72.2977,73.7699,74.0536,72.5846,0,72.5846,68.9256],[0,99.4923,77.2125,54.0064,59.1676,0,0,0,0,49.4452,0,0,0,0,0,0,0,0,0,0,0,0,0],[0,49.1487,42.8499,0,0,0,0,0,49.4452,0,0,0,0,0,0,0,0,0,0,0,56.8334,0,0],[83.3484,0,0,0,0,40.7169,46.6801,61.484,0,0,0,99.9838,65.8653,99.9997,99.9613,64.6932,65.4794,90.4156,89.4552,92.8228,0,92.8228,52.6892],[83.0361,0,0,0,0,40.2479,47.5268,62.1395,0,0,99.9838,0,67.1303,99.9859,99.9937,65.9838,66.7508,91.0927,90.1686,93.4098,0,93.4098,54.1293],[55.5789,0,0,0,0,0,66.5253,72.4345,0,0,65.8653,67.1303,0,65.9115,67.9142,99.7312,99.9725,89.7944,90.7179,88.6306,76.6527,88.6306,97.549],[83.2309,0,0,0,0,40.6494,46.7397,61.4901,0,0,99.9997,99.9859,65.9115,0,99.9633,64.7408,65.5261,90.4344,89.4757,92.836,0,92.836,52.7446],[83.2157,0,0,0,0,40.1223,47.9956,62.6163,0,0,99.9613,99.9937,67.9142,99.9633,0,66.7804,67.5374,91.5099,90.6079,93.7837,0,93.7837,55.0122],[54.5408,0,0,0,0,0,65.9388,72.1525,0,0,64.6932,65.9838,99.7312,64.7408,66.7804,0,99.7219,89.8213,90.7846,87.8121,79.1264,87.8121,98.5101],[55.1475,0,0,0,0,0,66.4448,72.2977,0,0,65.4794,66.7508,99.9725,65.5261,67.5374,99.7219,0,89.5055,90.4389,88.4213,76.7421,88.4213,97.5542],[76.373,0,0,0,0,0,60.9189,73.7699,0,0,90.4156,91.0927,89.7944,90.4344,91.5099,89.8213,89.5055,0,99.9735,98.8028,49.9529,98.8028,83.1873],[75.5511,0,0,0,0,0,61.4509,74.0536,0,0,89.4552,90.1686,90.7179,89.4757,90.6079,90.7846,90.4389,99.9735,0,98.6525,51.8821,98.6525,84.4421],[78.9282,0,0,0,0,0,60.3804,72.5846,0,0,92.8228,93.4098,88.6306,92.836,93.7837,87.8121,88.4213,98.8028,98.6525,0,0,0,79.2845],[0,0,0,0,0,0,48.3428,47.7933,0,56.8334,0,0,76.6527,0,0,79.1264,76.7421,49.9529,51.8821,42.0738,0,0,88.3057],[78.9282,0,0,0,0,0,60.3804,72.5846,0,0,92.8228,93.4098,88.6306,92.836,93.7837,87.8121,88.4213,98.8028,98.6525,0,42.0738,0,79.2845],[44.1924,0,0,0,0,0,63.7454,68.9256,0,40.2724,52.6892,54.1293,97.549,52.7446,55.0122,98.5101,97.5542,83.1873,84.4421,79.2845,88.3057,79.2845,0]]
